11 1023
11 1022
11 1021
11 1020
11 1019
11 1018
11 1017
11 1016
11 1015
11 1014
11 1013
11 1012
11 1011
11 1010
11 1009
11 1008
11 1007
11 1006
11 1005
11 1004
11 1003
11 1002
11 1001
11 1000
11 999
11 998
11 997
11 996
11 995
11 994
11 993
11 992
11 991
11 990
11 989
11 988
11 987
11 986
11 985
11 984
11 983
11 982
11 981
11 980
11 979
11 978
11 977
11 976
11 975
11 974
11 973
11 972
11 971
11 970
11 969
11 968
11 967
11 966
11 965
11 964
11 963
11 962
11 961
11 960
11 959
11 958
11 957
11 956
11 955
11 954
11 953
11 952
11 951
11 950
11 949
11 948
11 947
11 946
11 945
11 944
11 943
11 942
11 941
11 940
11 939
11 938
11 937
11 936
11 935
11 934
11 933
11 932
11 931
11 930
11 929
11 928
11 927
11 926
11 925
11 924
11 923
11 922
11 921
11 920
11 919
11 918
11 917
11 916
11 915
11 914
11 913
11 912
11 911
11 910
11 909
11 908
11 907
11 906
11 905
11 904
11 903
11 902
11 901
11 900
11 899
11 898
11 897
11 896
11 895
11 894
11 893
11 892
11 891
11 890
11 889
11 888
11 887
11 886
11 885
11 884
11 883
11 882
11 881
11 880
11 879
11 878
11 877
11 876
11 875
11 874
11 873
11 872
11 871
11 870
11 869
11 868
11 867
11 866
11 865
11 864
11 863
11 862
11 861
11 860
11 859
11 858
11 857
11 856
11 855
11 854
11 853
11 852
11 851
11 850
11 849
11 848
11 847
11 846
11 845
11 844
11 843
11 842
11 841
11 840
11 839
11 838
11 837
11 836
11 835
11 834
11 833
11 832
11 831
11 830
11 829
11 828
11 827
11 826
11 825
11 824
11 823
11 822
11 821
11 820
11 819
11 818
11 817
11 816
11 815
11 814
11 813
11 812
11 811
11 810
11 809
11 808
11 807
11 806
11 805
11 804
11 803
11 802
11 801
11 800
11 799
11 798
11 797
11 796
11 795
11 794
11 793
11 792
11 791
11 790
11 789
11 788
11 787
11 786
11 785
11 784
11 783
11 782
11 781
11 780
11 779
11 778
11 777
11 776
11 775
11 774
11 773
11 772
11 771
11 770
11 769
10 768
10 767
10 766
10 765
10 764
10 763
10 762
10 761
10 760
10 759
10 758
10 757
10 756
10 755
10 754
10 753
10 752
10 751
10 750
10 749
10 748
10 747
10 746
10 745
10 744
10 743
10 742
10 741
10 740
10 739
10 738
10 737
10 736
10 735
10 734
10 733
10 732
10 731
10 730
10 729
10 728
10 727
10 726
10 725
10 724
10 723
10 722
10 721
10 720
10 719
10 718
10 717
10 716
10 715
10 714
10 713
10 712
10 711
10 710
10 709
10 708
10 707
10 706
10 705
10 704
10 703
10 702
10 701
10 700
10 699
10 698
10 697
10 696
10 695
10 694
10 693
10 692
10 691
10 690
10 689
10 688
10 687
10 686
10 685
10 684
10 683
10 682
10 681
10 680
10 679
10 678
10 677
10 676
10 675
10 674
10 673
10 672
10 671
10 670
10 669
10 668
10 667
10 666
10 665
10 664
10 663
10 662
10 661
10 660
10 659
10 658
10 657
10 656
10 655
10 654
10 653
10 652
10 651
10 650
10 649
10 648
10 647
10 646
10 645
10 644
10 643
10 642
10 641
10 640
10 639
10 638
10 637
10 636
10 635
10 634
10 633
10 632
10 631
10 630
10 629
10 628
10 627
10 626
10 625
10 624
10 623
10 622
10 621
10 620
10 619
10 618
10 617
10 616
10 615
10 614
10 613
10 612
10 611
10 610
10 609
10 608
10 607
10 606
10 605
10 604
10 603
10 602
10 601
10 600
10 599
10 598
10 597
10 596
10 595
10 594
10 593
10 592
10 591
10 590
10 589
10 588
10 587
10 586
10 585
10 584
10 583
10 582
10 581
10 580
10 579
10 578
10 577
10 576
10 575
10 574
10 573
10 572
10 571
10 570
10 569
10 568
10 567
10 566
10 565
10 564
10 563
10 562
10 561
10 560
10 559
10 558
10 557
10 556
10 555
10 554
10 553
10 552
10 551
10 550
10 549
10 548
10 547
10 546
10 545
10 544
10 543
10 542
10 541
10 540
10 539
10 538
10 537
10 536
10 535
10 534
10 533
10 532
10 531
10 530
10 529
10 528
10 527
10 526
10 525
10 524
10 523
10 522
10 521
10 520
10 519
10 518
10 517
10 516
10 515
10 514
10 513
10 512
10 511
10 510
10 509
10 508
10 507
10 506
10 505
10 504
10 503
10 502
10 501
10 500
10 499
10 498
10 497
10 496
10 495
10 494
10 493
10 492
10 491
10 490
10 489
10 488
10 487
10 486
10 485
10 484
10 483
10 482
10 481
10 480
10 479
10 478
10 477
10 476
10 475
10 474
10 473
10 472
10 471
10 470
10 469
10 468
10 467
10 466
10 465
10 464
10 463
10 462
10 461
10 460
10 459
10 458
10 457
10 456
10 455
10 454
10 453
10 452
10 451
10 450
10 449
10 448
10 447
10 446
10 445
10 444
10 443
10 442
10 441
10 440
10 439
10 438
10 437
10 436
10 435
10 434
10 433
10 432
10 431
10 430
10 429
10 428
10 427
10 426
10 425
10 424
10 423
10 422
10 421
10 420
10 419
10 418
10 417
10 416
10 415
10 414
10 413
10 412
10 411
10 410
10 409
10 408
10 407
10 406
10 405
10 404
10 403
10 402
10 401
10 400
10 399
10 398
10 397
10 396
10 395
10 394
10 393
10 392
10 391
10 390
10 389
10 388
10 387
10 386
10 385
9 384
9 383
9 382
9 381
9 380
9 379
9 378
9 377
9 376
9 375
9 374
9 373
9 372
9 371
9 370
9 369
9 368
9 367
9 366
9 365
9 364
9 363
9 362
9 361
9 360
9 359
9 358
9 357
9 356
9 355
9 354
9 353
9 352
9 351
9 350
9 349
9 348
9 347
9 346
9 345
9 344
9 343
9 342
9 341
9 340
9 339
9 338
9 337
9 336
9 335
9 334
9 333
9 332
9 331
9 330
9 329
9 328
9 327
9 326
9 325
9 324
9 323
9 322
9 321
9 320
9 319
9 318
9 317
9 316
9 315
9 314
9 313
9 312
9 311
9 310
9 309
9 308
9 307
9 306
9 305
9 304
9 303
9 302
9 301
9 300
9 299
9 298
9 297
9 296
9 295
9 294
9 293
9 292
9 291
9 290
9 289
9 288
9 287
9 286
9 285
9 284
9 283
9 282
9 281
9 280
9 279
9 278
9 277
9 276
9 275
9 274
9 273
9 272
9 271
9 270
9 269
9 268
9 267
9 266
9 265
9 264
9 263
9 262
9 261
9 260
9 259
9 258
9 257
9 256
9 255
9 254
9 253
9 252
9 251
9 250
9 249
9 248
9 247
9 246
9 245
9 244
9 243
9 242
9 241
9 240
9 239
9 238
9 237
9 236
9 235
9 234
9 233
9 232
9 231
9 230
9 229
9 228
9 227
9 226
9 225
9 224
9 223
9 222
9 221
9 220
9 219
9 218
9 217
9 216
9 215
9 214
9 213
9 212
9 211
9 210
9 209
9 208
9 207
9 206
9 205
9 204
9 203
9 202
9 201
9 200
9 199
9 198
9 197
9 196
9 195
9 194
9 193
8 192
8 191
8 190
8 189
8 188
8 187
8 186
8 185
8 184
8 183
8 182
8 181
8 180
8 179
8 178
8 177
8 176
8 175
8 174
8 173
8 172
8 171
8 170
8 169
8 168
8 167
8 166
8 165
8 164
8 163
8 162
8 161
8 160
8 159
8 158
8 157
8 156
8 155
8 154
8 153
8 152
8 151
8 150
8 149
8 148
8 147
8 146
8 145
8 144
8 143
8 142
8 141
8 140
8 139
8 138
8 137
8 136
8 135
8 134
8 133
8 132
8 131
8 130
8 129
8 128
8 127
8 126
8 125
8 124
8 123
8 122
8 121
8 120
8 119
8 118
8 117
8 116
8 115
8 114
8 113
8 112
8 111
8 110
8 109
8 108
8 107
8 106
8 105
8 104
8 103
8 102
8 101
8 100
8 99
8 98
8 97
7 96
7 95
7 94
7 93
7 92
7 91
7 90
7 89
7 88
7 87
7 86
7 85
7 84
7 83
7 82
7 81
7 80
7 79
7 78
7 77
7 76
7 75
7 74
7 73
7 72
7 71
7 70
7 69
7 68
7 67
7 66
7 65
7 64
7 63
7 62
7 61
7 60
7 59
7 58
7 57
7 56
7 55
7 54
7 53
7 52
7 51
7 50
7 49
6 48
6 47
6 46
6 45
6 44
6 43
6 42
6 41
6 40
6 39
6 38
6 37
6 36
6 35
6 34
6 33
6 32
6 31
6 30
6 29
6 28
6 27
6 26
6 25
5 24
5 23
5 22
5 21
5 20
5 19
5 18
5 17
5 16
5 15
5 14
5 13
4 12
4 11
4 10
4 9
4 8
4 7
3 6
3 5
3 4
2 3
2 2
1 1
0 0
