12 1001
12 1000
12 999
12 998
12 997
12 996
12 995
12 994
12 993
12 992
12 991
12 990
12 989
12 988
12 987
12 986
12 985
12 984
12 983
12 982
12 981
12 980
12 979
12 978
12 977
12 976
12 975
12 974
12 973
12 972
12 971
12 970
12 969
12 968
12 967
12 966
12 965
12 964
12 963
12 962
12 961
12 960
12 959
12 958
12 957
12 956
12 955
12 954
12 953
12 952
12 951
12 950
12 949
12 948
12 947
12 946
12 945
12 944
12 943
12 942
12 941
12 940
12 939
12 938
12 937
12 936
12 935
12 934
12 933
12 932
12 931
12 930
12 929
12 928
12 927
12 926
12 925
12 924
12 923
12 922
12 921
12 920
12 919
12 918
12 917
12 916
12 915
12 914
12 913
12 912
12 911
12 910
12 909
12 908
12 907
12 906
12 905
12 904
12 903
12 902
12 901
12 900
12 899
12 898
12 897
12 896
12 895
12 894
12 893
12 892
12 891
12 890
12 889
12 888
12 887
12 886
12 885
12 884
12 883
12 882
12 881
12 880
12 879
12 878
12 877
12 876
12 875
12 874
12 873
12 872
12 871
12 870
12 869
12 868
12 867
12 866
12 865
12 864
12 863
12 862
12 861
12 860
12 859
12 858
12 857
12 856
12 855
12 854
12 853
12 852
12 851
12 850
12 849
12 848
12 847
12 846
12 845
12 844
12 843
12 842
12 841
12 840
12 839
12 838
12 837
12 836
12 835
12 834
12 833
12 832
12 831
12 830
12 829
12 828
12 827
12 826
12 825
12 824
12 823
12 822
12 821
12 820
12 820
12 819
12 818
12 817
12 816
12 815
12 814
12 813
12 812
12 811
12 810
12 809
12 808
12 807
12 806
12 805
12 804
12 803
12 802
12 801
12 800
12 799
12 798
12 797
12 796
12 795
12 794
12 793
12 792
12 791
12 790
12 789
12 788
12 787
12 786
12 785
12 784
12 783
12 782
12 781
12 780
12 779
12 778
12 777
12 776
12 775
12 774
12 773
12 772
11 771
11 770
11 769
11 768
11 767
11 766
11 765
11 764
11 763
11 762
11 761
11 760
11 759
11 758
11 757
11 756
11 755
11 754
11 753
11 752
11 751
11 750
11 749
11 748
11 747
11 747
11 746
11 745
11 744
11 743
11 742
11 741
11 740
11 739
11 738
11 737
11 736
11 735
11 734
11 733
11 732
11 731
11 730
11 729
11 728
11 727
11 726
11 725
11 724
11 723
11 722
11 721
11 720
11 719
11 718
11 717
11 716
11 715
11 714
11 713
11 712
11 711
11 710
11 709
11 708
11 707
11 706
11 705
11 704
11 703
11 702
11 701
11 700
11 699
11 698
11 697
11 696
11 695
11 694
11 693
11 692
11 691
11 690
11 689
11 688
11 687
11 686
11 685
11 684
11 683
11 682
11 681
11 680
11 679
11 678
11 677
11 676
11 675
11 674
11 673
11 672
11 671
11 670
11 669
11 668
11 667
11 666
11 665
11 664
11 663
11 662
11 661
11 660
11 659
11 658
11 657
11 656
11 655
11 654
11 653
11 652
11 651
11 650
11 649
11 648
11 647
11 646
11 645
11 644
11 643
11 642
11 641
11 640
11 639
11 638
11 637
11 636
11 635
11 634
11 633
11 632
11 631
11 630
11 629
11 628
11 627
11 626
11 625
11 624
11 623
11 622
11 621
11 620
11 619
11 618
11 617
11 616
11 615
11 614
11 613
11 612
11 611
11 610
11 609
11 608
11 607
11 606
11 605
11 604
11 603
11 602
11 601
11 600
11 599
11 598
11 597
11 596
11 595
11 594
11 593
11 592
11 591
11 590
11 589
11 588
11 587
11 586
11 585
11 584
11 583
11 582
11 582
11 581
11 580
11 579
11 578
11 577
11 576
11 575
11 574
11 573
11 572
11 571
11 570
11 569
11 568
11 567
11 566
11 565
11 564
11 563
11 562
11 561
11 560
11 559
11 558
11 557
11 556
11 555
11 554
11 553
11 552
11 551
11 550
11 549
11 548
11 547
11 546
11 545
11 544
11 543
11 542
11 541
11 540
11 539
11 538
11 537
11 536
11 535
11 534
11 533
11 532
11 531
11 530
11 529
11 528
11 527
11 526
10 525
10 524
10 523
10 522
10 521
10 520
10 519
10 518
10 517
10 516
10 515
10 514
10 513
10 512
10 511
10 510
10 509
10 508
10 507
10 506
10 505
10 504
10 503
10 502
10 501
10 500
10 499
10 498
10 497
10 496
10 495
10 494
10 493
10 492
10 491
10 490
10 489
10 488
10 487
10 486
10 485
10 484
10 483
10 482
10 481
10 480
10 479
10 479
10 478
10 477
10 476
10 475
10 474
10 473
10 472
10 471
10 470
10 469
10 468
10 467
10 466
10 465
10 464
10 463
10 462
10 461
10 460
10 459
10 458
10 457
10 456
10 455
10 454
10 453
10 452
10 451
10 450
10 449
10 448
10 447
10 446
10 445
10 444
10 443
10 442
10 441
10 440
10 440
10 439
10 438
10 437
10 436
10 435
10 434
10 433
10 433
10 432
10 431
10 430
10 429
10 428
10 427
10 426
10 425
10 424
10 423
10 422
10 421
10 420
10 419
10 418
10 417
10 416
10 415
10 414
10 413
10 412
10 411
10 410
10 409
10 408
10 407
10 406
10 405
10 404
10 403
10 402
10 401
10 400
10 399
10 398
10 397
10 396
10 395
10 394
10 393
10 392
10 391
10 390
10 389
10 388
10 387
10 386
10 385
10 384
10 384
10 383
10 382
10 381
10 380
10 379
10 378
10 377
10 376
10 375
10 374
10 373
10 372
10 371
10 370
10 369
10 368
10 367
10 366
10 366
10 365
10 364
10 363
10 362
10 361
10 360
10 359
10 358
10 357
10 356
10 355
10 354
10 353
10 352
10 351
10 350
10 349
10 348
10 348
10 347
10 346
10 345
10 345
10 344
10 343
10 342
10 341
10 340
10 339
10 338
10 337
10 336
10 335
10 334
10 333
10 332
10 331
10 330
10 329
10 328
10 327
10 326
10 325
10 324
10 323
10 322
10 321
10 320
10 319
10 318
10 317
10 316
10 315
10 314
10 313
10 312
10 311
10 310
10 309
10 308
10 307
10 306
10 305
10 304
10 303
10 302
10 301
10 300
10 299
10 298
10 297
10 296
10 295
10 294
10 293
10 292
10 291
10 290
10 289
10 288
9 287
9 286
9 285
9 284
9 283
9 282
9 281
9 280
9 279
9 278
9 277
9 277
9 276
9 275
9 274
9 273
9 272
9 271
9 270
9 269
9 268
9 267
9 266
9 265
9 264
9 263
9 262
9 261
9 260
9 259
9 258
9 257
9 256
9 255
9 254
9 253
9 253
9 252
9 251
9 250
9 249
9 248
9 247
9 246
9 245
9 244
9 243
9 242
9 241
9 240
9 239
9 238
9 237
9 236
9 235
9 234
9 233
9 232
9 231
9 230
9 229
9 228
9 228
9 227
9 226
9 225
9 224
9 223
9 222
9 221
9 220
9 219
9 218
9 217
9 216
9 215
9 214
9 213
9 212
9 211
9 210
9 209
9 208
9 207
9 206
9 206
9 205
9 204
9 203
9 202
9 201
9 200
9 199
9 198
9 197
9 196
9 195
9 194
9 193
9 192
9 191
9 190
9 189
9 188
9 187
9 186
9 185
9 184
9 183
9 182
9 181
9 180
9 179
9 178
9 177
9 177
9 176
9 175
9 174
9 173
9 172
9 171
9 170
9 169
9 168
9 167
9 166
9 165
9 164
9 163
9 162
8 161
8 160
8 159
8 158
8 157
8 156
8 155
8 154
8 153
8 152
8 151
8 150
8 149
8 148
8 147
8 147
8 146
8 145
8 144
8 143
8 142
8 141
8 140
8 139
8 138
8 137
8 136
8 135
8 134
8 133
8 132
8 131
8 130
8 129
8 128
8 127
8 126
8 125
8 124
8 123
8 123
8 122
8 121
8 120
8 119
8 118
8 117
8 116
8 115
8 114
8 113
8 112
8 112
8 111
8 110
8 109
8 108
8 107
8 106
8 105
8 104
8 103
8 102
8 101
8 101
8 100
8 99
8 98
8 97
8 96
8 95
8 94
8 93
8 92
8 91
8 90
8 89
8 88
8 87
7 86
7 85
7 84
7 83
7 82
7 81
7 80
7 79
7 78
7 77
7 76
7 75
7 74
7 73
7 72
7 71
7 70
7 70
7 69
7 68
7 67
7 66
7 65
7 64
7 63
7 62
7 61
7 60
7 59
7 58
7 57
7 56
7 55
7 54
7 53
7 52
7 51
7 50
7 49
7 48
6 47
6 46
6 45
6 44
6 43
6 42
6 41
6 41
6 40
6 39
6 38
6 37
6 36
6 35
6 34
6 33
6 32
6 31
6 30
6 29
6 28
6 27
6 26
6 26
5 25
5 24
5 23
5 22
5 21
5 20
5 19
5 18
5 17
5 16
5 15
5 14
5 13
5 12
5 11
4 10
4 9
4 8
3 7
3 6
3 5
3 4
2 3
2 2
1 1
0 0
