1
81
1
16376
1
24096
1
20348
1
11872
1
30076
1
16059
1
26999
1
28493
1
16223
1
3930
1
28673
1
26804
1
18775
1
14123
1
11940
1
29899
1
3669
1
26796
1
25588
1
5537
1
3767
1
20240
1
18792
1
11688
1
14015
1
10980
1
19816
1
8562
1
2372
1
8690
1
13223
1
18104
1
25255
1
18022
1
4019
1
17568
1
26633
1
6447
1
19915
1
18751
1
30395
1
2984
1
15856
1
14429
1
10230
1
17528
1
21822
1
14201
1
15565
1
11191
1
6525
1
15117
1
1631
1
594
1
27380
1
30996
1
7761
1
2224
1
8317
1
25800
1
892
1
30869
1
10719
1
6064
1
28386
1
22087
1
11351
1
19418
1
29927
1
23792
1
19832
1
19302
1
18110
1
2628
1
8246
1
31044
1
10273
1
3427
1
26685
1
22333
1
27973
1
7425
1
10119
1
11576
1
5389
1
30916
1
10797
1
13750
1
21374
1
6637
1
1149
1
29600
1
8307
1
22331
1
14158
1
5442
1
7825
1
12
1
28304
1
2199
1
28286
1
12998
1
3623
1
9415
1
16974
1
29301
1
250
1
3310
1
17726
1
16310
1
32326
1
12319
1
11173
1
14547
1
14649
1
2729
1
32551
1
1327
1
11964
1
3224
1
31532
1
4069
1
1424
1
18815
1
3472
1
21932
1
13468
1
21877
1
20381
1
18942
1
25477
1
29534
1
2870
1
6009
1
14720
1
30828
1
8276
1
16261
1
3684
1
2277
1
24247
1
23863
1
12804
1
4646
1
10197
1
3957
1
15803
1
9704
1
27927
1
20059
1
9288
1
6850
1
24132
1
12254
1
29660
1
5615
1
23613
1
24495
1
32370
1
25170
1
1004
1
20066
1
23647
1
14519
1
25975
1
23504
1
32042
1
23900
1
15289
1
186
1
15005
1
14000
1
14322
1
15279
1
8732
1
16730
1
13757
1
17711
1
26678
1
1405
1
27459
1
20240
1
14970
1
28986
1
27055
1
21281
1
25484
1
15479
1
482
1
13582
1
30072
1
14815
1
24935
1
15235
1
28229
1
14634
1
31657
1
9364
1
2766
1
24223
1
4963
1
22877
1
15309
1
5079
1
30809
1
1253
1
28985
1
30147
1
19782
1
4681
1
12242
1
25585
1
27157
1
22038
1
9466
1
5386
1
11859
1
26358
1
11462
1
21664
1
22501
1
27023
1
32341
1
20006
1
12790
1
21416
1
29280
1
2368
1
12340
1
27277
1
6163
1
31550
1
19004
1
181
1
3099
1
20962
1
11090
1
13987
1
17921
1
23402
1
2646
1
17162
1
20406
1
12234
1
15859
1
1588
1
7023
1
32570
1
24858
1
27812
1
27570
1
10736
1
7087
1
25851
1
433
1
1327
1
25474
1
27928
1
1496
1
29056
1
18816
1
31363
1
24226
1
9792
1
10027
1
16908
1
27056
1
22106
1
16455
1
8879
1
19228
1
4694
1
11478
1
14267
1
18187
1
2963
1
8007
1
22068
1
22913
1
7376
1
23275
1
31093
1
122
1
15345
1
28328
1
25369
1
27702
1
14592
1
2033
1
29212
1
2516
1
28275
1
29173
1
30014
1
7202
1
18093
1
5399
1
31912
1
22196
1
15047
1
2719
1
28370
1
12083
1
11919
1
6319
1
25764
1
22776
1
19921
1
10872
1
4316
1
7897
1
20182
1
6317
1
13999
1
3907
1
15915
1
22072
1
29619
1
11914
1
14243
1
21805
1
24828
1
9084
1
12447
1
14332
1
20357
1
4668
1
14221
1
8938
1
9170
1
6478
1
19631
1
16834
1
5332
1
9454
1
14366
1
21959
1
21005
1
3238
1
270
1
24558
1
21749
1
12063
1
27219
1
15178
1
24987
1
56
1
6181
1
15304
1
31375
1
15701
1
17184
1
9500
1
19456
1
15353
1
7310
1
3579
1
21026
1
1688
1
18409
1
907
1
16082
1
15270
1
3484
1
280
1
25213
1
25332
1
11018
1
4104
1
7230
1
11580
1
25553
1
9233
1
5446
1
20987
1
14416
1
1961
1
19329
1
32638
1
25959
1
27838
1
12151
1
4416
1
4477
1
30120
1
22896
1
115
1
19144
1
19036
1
6619
1
17117
1
15048
1
3554
1
26864
1
3045
1
13077
1
18441
1
31125
1
9198
1
30555
1
5977
1
29566
1
18915
1
26787
1
16201
1
6297
1
21267
1
30164
1
26290
1
22953
1
32064
1
30073
1
6788
1
7728
1
9970
1
19652
1
26808
1
17299
1
25105
1
2003
1
10117
1
6009
1
5299
1
18227
1
15575
1
20852
1
7219
1
9891
1
31229
1
20451
1
9859
1
282
1
24481
1
7191
1
13763
1
13835
1
24062
1
31156
1
530
1
21479
1
25933
1
1370
1
11684
1
19428
1
23168
1
9861
1
32532
1
4861
1
17459
1
22706
1
5628
1
21561
1
17376
1
4036
1
19908
1
6193
1
12114
1
15269
1
17079
1
1484
1
24156
1
12080
1
11612
1
8270
1
202
1
28239
1
2051
1
9873
1
4248
1
10080
1
12958
1
30609
1
13410
1
23518
1
2258
1
8239
1
9756
1
31805
1
7758
1
30254
1
29187
1
31509
1
5468
1
25730
1
8659
1
7043
1
17333
1
19658
1
10299
1
32461
1
6554
1
8731
1
8334
1
13636
1
32544
1
8447
1
14011
1
22127
1
7116
1
18621
1
19327
1
25701
1
15455
1
31195
1
10457
1
32379
1
19187
1
24034
1
23231
1
10015
1
3399
1
31841
1
15
1
8452
1
7512
1
8500
1
10184
1
10112
1
20529
1
30726
1
3706
1
1586
1
32515
1
277
1
20475
1
21479
1
26232
1
17205
1
24924
1
21694
1
4165
1
24344
1
26395
1
18315
1
31487
1
26572
1
15258
1
8826
1
29743
1
9349
1
14800
1
757
1
22696
1
8093
1
8255
1
21703
1
12056
1
9945
1
8230
1
29825
1
20702
1
8430
1
27895
1
20764
1
5403
1
23620
1
24587
1
20705
1
12812
1
15097
1
1173
1
32134
1
18583
1
24617
1
8149
1
15258
1
20003
1
17005
1
2446
1
4387
1
18605
1
18337
1
26809
1
16261
1
4376
1
19947
1
10363
1
13477
1
4037
1
17912
1
14677
1
5967
1
10084
1
17033
1
29339
1
29397
1
16906
1
8495
1
10279
1
17913
1
13443
1
12370
1
18510
1
30989
1
27625
1
30328
1
5651
1
32601
1
6517
1
32452
1
21403
1
10173
1
20630
1
20157
1
28897
1
24728
1
19264
1
26962
1
4779
1
29416
1
18567
1
794
1
1469
1
30898
1
14700
1
19424
1
29260
1
4772
1
12279
1
29022
1
25525
1
8441
1
17542
1
16201
1
30831
1
925
1
25956
1
142
1
20030
1
9617
1
17565
1
1500
1
32426
1
22418
1
22545
1
30050
1
16304
1
15861
1
8136
1
18394
1
31927
1
21974
1
9861
1
5830
1
31686
1
21873
1
28830
1
8185
1
25331
1
27600
1
19722
1
8794
1
12831
1
9127
1
15548
1
30693
1
1248
1
28028
1
25647
1
4338
1
12479
1
5386
1
15171
1
13498
1
5028
1
9704
1
28487
1
11031
1
9870
1
870
1
11095
1
13195
1
10375
1
14264
1
15080
1
28036
1
30168
1
15958
1
15009
1
5598
1
24441
1
19874
1
19309
1
15786
1
5835
1
25547
1
31694
1
24110
1
393
1
6898
1
23412
1
28204
1
2556
1
2188
1
27918
1
23656
1
16239
1
11272
1
27232
1
4964
1
23267
1
12465
1
3733
1
27246
1
31748
1
1749
1
23255
1
10204
1
12891
1
6183
1
2334
1
30871
1
9924
1
7010
1
8517
1
214
1
31011
1
19247
1
25699
1
27180
1
9811
1
1097
1
600
1
4805
1
2655
1
3807
1
19878
1
16877
1
21237
1
5946
1
24963
1
1489
1
30231
1
6559
1
28204
1
7818
1
276
1
17783
1
8059
1
6743
1
21431
1
7085
1
20924
1
1834
1
7102
1
19544
1
2237
1
23911
1
9357
1
6042
1
23844
1
2024
1
20260
1
13767
1
21509
1
11588
1
17999
1
2762
1
21684
1
7761
1
17180
1
10437
1
12504
1
3559
1
30098
1
26104
1
29377
1
30183
1
26016
1
2532
1
26108
1
19836
1
24660
1
21936
1
3620
1
29857
1
17742
1
27595
1
32762
1
30948
1
18547
1
23251
1
20664
1
5993
1
31718
1
20406
1
4003
1
8241
1
13876
1
13079
1
32224
1
7836
1
10446
1
13811
1
30856
1
27437
1
15037
1
4484
1
18687
1
2702
1
31633
1
32357
1
20353
1
32212
1
17050
1
9976
1
15357
1
26627
1
20059
1
6405
1
18727
1
11477
1
30780
1
31395
1
11721
1
27831
1
20607
1
1628
1
14425
1
533
1
13941
1
4748
1
18641
1
25559
1
16626
1
10250
1
7355
1
4396
1
2814
1
27658
1
8587
1
27270
1
14541
1
24898
1
16690
1
7142
1
18674
1
17484
1
23792
1
31833
1
1487
1
1868
1
27242
1
1730
1
11088
1
12498
1
26364
1
20443
1
5337
1
8706
1
5456
1
7543
1
1916
1
2034
1
14640
1
778
1
27760
1
31827
1
17816
1
10090
1
4030
1
6484
1
12560
1
6103
1
14142
1
1219
1
25656
1
19514
1
9666
1
13941
1
30373
1
16554
1
24209
1
32233
1
11755
1
18484
1
15639
1
2856
1
29435
1
31964
1
13530
1
32495
1
12720
1
28895
1
19888
1
17936
1
22180
1
1339
1
12336
1
17430
1
24392
1
2417
1
22118
1
4392
1
12340
1
2186
1
13515
1
20272
1
9659
1
26456
1
28531
1
23100
1
4803
1
14334
1
28553
1
22564
1
8659
1
26291
1
27897
1
27501
1
19566
1
9154
1
16492
1
3437
1
23712
1
11989
1
4473
1
21424
1
11478
1
26484
1
13593
1
9371
1
6643
1
18121
1
20572
1
8015
1
23455
1
9894
1
4955
1
15056
1
14050
1
31177
1
8302
1
24679
1
16115
1
22878
1
29599
1
1348
1
6218
1
3013
1
24158
1
1896
1
29180
1
26774
1
27510
1
20930
1
10568
1
15842
1
16191
1
2968
1
19309
1
6844
1
18453
1
22313
1
27071
1
8952
1
21258
1
25489
1
29690
1
20531
1
22744
1
21996
1
3286
1
17428
1
5914
1
19902
1
3292
1
4048
1
18875
1
2195
1
10103
1
5364
1
6318
1
26850
1
26190
1
25439
1
3551
1
25655
1
28369
1
14477
1
10090
1
7313
1
17938
1
1052
1
23052
1
10505
1
1751
1
5512
1
6102
1
20917
1
15853
1
22330
1
12073
1
17100
1
24767
1
15041
1
5598
1
31499
1
4647
1
14943
1
29893
1
31063
1
10627
1
5063
1
1873
1
28067
1
12300
1
8229
1
9105
1
28948
1
18531
1
27999
1
32354
1
2403
1
13421
1
31898
1
32740
1
31620
1
28001
1
18945
1
15402
1
12677
1
543
