1
81
81
1
16376
16376
1
24096
24096
1
20348
20348
1
11872
11872
1
30076
30076
1
16059
16059
1
26999
26999
1
28493
28493
1
16223
16223
1
3930
3930
1
28673
28673
1
26804
26804
1
18775
18775
1
14123
14123
1
11940
11940
1
29899
29899
1
3669
3669
1
26796
26796
1
25588
25588
1
5537
5537
1
3767
3767
1
20240
20240
1
18792
18792
1
11688
11688
1
14015
14015
1
10980
10980
1
19816
19816
1
8562
8562
1
2372
2372
1
8690
8690
1
13223
13223
1
18104
18104
1
25255
25255
1
18022
18022
1
4019
4019
1
17568
17568
1
26633
26633
1
6447
6447
1
19915
19915
1
18751
18751
1
30395
30395
1
2984
2984
1
15856
15856
1
14429
14429
1
10230
10230
1
17528
17528
1
21822
21822
1
14201
14201
1
15565
15565
1
11191
11191
1
6525
6525
1
15117
15117
1
1631
1631
1
594
594
1
27380
27380
1
30996
30996
1
7761
7761
1
2224
2224
1
8317
8317
1
25800
25800
1
892
892
1
30869
30869
1
10719
10719
1
6064
6064
1
28386
28386
1
22087
22087
1
11351
11351
1
19418
19418
1
29927
29927
1
23792
23792
1
19832
19832
1
19302
19302
1
18110
18110
1
2628
2628
1
8246
8246
1
31044
31044
1
10273
10273
1
3427
3427
1
26685
26685
1
22333
22333
1
27973
27973
1
7425
7425
1
10119
10119
1
11576
11576
1
5389
5389
1
30916
30916
1
10797
10797
1
13750
13750
1
21374
21374
1
6637
6637
1
1149
1149
1
29600
29600
1
8307
8307
1
22331
22331
1
14158
14158
1
5442
5442
1
7825
7825
1
12
12
1
28304
28304
1
2199
2199
1
28286
28286
1
12998
12998
1
3623
3623
1
9415
9415
1
16974
16974
1
29301
29301
1
250
250
1
3310
3310
1
17726
17726
1
16310
16310
1
32326
32326
1
12319
12319
1
11173
11173
1
14547
14547
1
14649
14649
1
2729
2729
1
32551
32551
1
1327
1327
1
11964
11964
1
3224
3224
1
31532
31532
1
4069
4069
1
1424
1424
1
18815
18815
1
3472
3472
1
21932
21932
1
13468
13468
1
21877
21877
1
20381
20381
1
18942
18942
1
25477
25477
1
29534
29534
1
2870
2870
1
6009
6009
1
14720
14720
1
30828
30828
1
8276
8276
1
16261
16261
1
3684
3684
1
2277
2277
1
24247
24247
1
23863
23863
1
12804
12804
1
4646
4646
1
10197
10197
1
3957
3957
1
15803
15803
1
9704
9704
1
27927
27927
1
20059
20059
1
9288
9288
1
6850
6850
1
24132
24132
1
12254
12254
1
29660
29660
1
5615
5615
1
23613
23613
1
24495
24495
1
32370
32370
1
25170
25170
1
1004
1004
1
20066
20066
1
23647
23647
1
14519
14519
1
25975
25975
1
23504
23504
1
32042
32042
1
23900
23900
1
15289
15289
1
186
186
1
15005
15005
1
14000
14000
1
14322
14322
1
15279
15279
1
8732
8732
1
16730
16730
1
13757
13757
1
17711
17711
1
26678
26678
1
1405
1405
1
27459
27459
1
20240
20240
1
14970
14970
1
28986
28986
1
27055
27055
1
21281
21281
1
25484
25484
1
15479
15479
1
482
482
1
13582
13582
1
30072
30072
1
14815
14815
1
24935
24935
1
15235
15235
1
28229
28229
1
14634
14634
1
31657
31657
1
9364
9364
1
2766
2766
1
24223
24223
1
4963
4963
1
22877
22877
1
15309
15309
1
5079
5079
1
30809
30809
1
1253
1253
1
28985
28985
1
30147
30147
1
19782
19782
1
4681
4681
1
12242
12242
1
25585
25585
1
27157
27157
1
22038
22038
1
9466
9466
1
5386
5386
1
11859
11859
1
26358
26358
1
11462
11462
1
21664
21664
1
22501
22501
1
27023
27023
1
32341
32341
1
20006
20006
1
12790
12790
1
21416
21416
1
29280
29280
1
2368
2368
1
12340
12340
1
27277
27277
1
6163
6163
1
31550
31550
1
19004
19004
1
181
181
1
3099
3099
1
20962
20962
1
11090
11090
1
13987
13987
1
17921
17921
1
23402
23402
1
2646
2646
1
17162
17162
1
20406
20406
1
12234
12234
1
15859
15859
1
1588
1588
1
7023
7023
1
32570
32570
1
24858
24858
1
27812
27812
1
27570
27570
1
10736
10736
1
7087
7087
1
25851
25851
1
433
433
1
1327
1327
1
25474
25474
1
27928
27928
1
1496
1496
1
29056
29056
1
18816
18816
1
31363
31363
1
24226
24226
1
9792
9792
1
10027
10027
1
16908
16908
1
27056
27056
1
22106
22106
1
16455
16455
1
8879
8879
1
19228
19228
1
4694
4694
1
11478
11478
1
14267
14267
1
18187
18187
1
2963
2963
1
8007
8007
1
22068
22068
1
22913
22913
1
7376
7376
1
23275
23275
1
31093
31093
1
122
122
1
15345
15345
1
28328
28328
1
25369
25369
1
27702
27702
1
14592
14592
1
2033
2033
1
29212
29212
1
2516
2516
1
28275
28275
1
29173
29173
1
30014
30014
1
7202
7202
1
18093
18093
1
5399
5399
1
31912
31912
1
22196
22196
1
15047
15047
1
2719
2719
1
28370
28370
1
12083
12083
1
11919
11919
1
6319
6319
1
25764
25764
1
22776
22776
1
19921
19921
1
10872
10872
1
4316
4316
1
7897
7897
1
20182
20182
1
6317
6317
1
13999
13999
1
3907
3907
1
15915
15915
1
22072
22072
1
29619
29619
1
11914
11914
1
14243
14243
1
21805
21805
1
24828
24828
1
9084
9084
1
12447
12447
1
14332
14332
1
20357
20357
1
4668
4668
1
14221
14221
1
8938
8938
1
9170
9170
1
6478
6478
1
19631
19631
1
16834
16834
1
5332
5332
1
9454
9454
1
14366
14366
1
21959
21959
1
21005
21005
1
3238
3238
1
270
270
1
24558
24558
1
21749
21749
1
12063
12063
1
27219
27219
1
15178
15178
1
24987
24987
1
56
56
1
6181
6181
1
15304
15304
1
31375
31375
1
15701
15701
1
17184
17184
1
9500
9500
1
19456
19456
1
15353
15353
1
7310
7310
1
3579
3579
1
21026
21026
1
1688
1688
1
18409
18409
1
907
907
1
16082
16082
1
15270
15270
1
3484
3484
1
280
280
1
25213
25213
1
25332
25332
1
11018
11018
1
4104
4104
1
7230
7230
1
11580
11580
1
25553
25553
1
9233
9233
1
5446
5446
1
20987
20987
1
14416
14416
1
1961
1961
1
19329
19329
1
32638
32638
1
25959
25959
1
27838
27838
1
12151
12151
1
4416
4416
1
4477
4477
1
30120
30120
1
22896
22896
1
115
115
1
19144
19144
1
19036
19036
1
6619
6619
1
17117
17117
1
15048
15048
1
3554
3554
1
26864
26864
1
3045
3045
1
13077
13077
1
18441
18441
1
31125
31125
1
9198
9198
1
30555
30555
1
5977
5977
1
29566
29566
1
18915
18915
1
26787
26787
1
16201
16201
1
6297
6297
1
21267
21267
1
30164
30164
1
26290
26290
1
22953
22953
1
32064
32064
1
30073
30073
1
6788
6788
1
7728
7728
1
9970
9970
1
19652
19652
1
26808
26808
1
17299
17299
1
25105
25105
1
2003
2003
1
10117
10117
1
6009
6009
1
5299
5299
1
18227
18227
1
15575
15575
1
20852
20852
1
7219
7219
1
9891
9891
1
31229
31229
1
20451
20451
1
9859
9859
1
282
282
1
24481
24481
1
7191
7191
1
13763
13763
1
13835
13835
1
24062
24062
1
31156
31156
1
530
530
1
21479
21479
1
25933
25933
1
1370
1370
1
11684
11684
1
19428
19428
1
23168
23168
1
9861
9861
1
32532
32532
1
4861
4861
1
17459
17459
1
22706
22706
1
5628
5628
1
21561
21561
1
17376
17376
1
4036
4036
1
19908
19908
1
6193
6193
1
12114
12114
1
15269
15269
1
17079
17079
1
1484
1484
1
24156
24156
1
12080
12080
1
11612
11612
1
8270
8270
1
202
202
1
28239
28239
1
2051
2051
1
9873
9873
1
4248
4248
1
10080
10080
1
12958
12958
1
30609
30609
1
13410
13410
1
23518
23518
1
2258
2258
1
8239
8239
1
9756
9756
1
31805
31805
1
7758
7758
1
30254
30254
1
29187
29187
1
31509
31509
1
5468
5468
1
25730
25730
1
8659
8659
1
7043
7043
1
17333
17333
1
19658
19658
1
10299
10299
1
32461
32461
1
6554
6554
1
8731
8731
1
8334
8334
1
13636
13636
1
32544
32544
1
8447
8447
1
14011
14011
1
22127
22127
1
7116
7116
1
18621
18621
1
19327
19327
1
25701
25701
1
15455
15455
1
31195
31195
1
10457
10457
1
32379
32379
1
19187
19187
1
24034
24034
1
23231
23231
1
10015
10015
1
3399
3399
1
31841
31841
1
15
15
1
8452
8452
1
7512
7512
1
8500
8500
1
10184
10184
1
10112
10112
1
20529
20529
1
30726
30726
1
3706
3706
1
1586
1586
1
32515
32515
1
277
277
1
20475
20475
1
21479
21479
1
26232
26232
1
17205
17205
1
24924
24924
1
21694
21694
1
4165
4165
1
24344
24344
1
26395
26395
1
18315
18315
1
31487
31487
1
26572
26572
1
15258
15258
1
8826
8826
1
29743
29743
1
9349
9349
1
14800
14800
1
757
757
1
22696
22696
1
8093
8093
1
8255
8255
1
21703
21703
1
12056
12056
1
9945
9945
1
8230
8230
1
29825
29825
1
20702
20702
1
8430
8430
1
27895
27895
1
20764
20764
1
5403
5403
1
23620
23620
1
24587
24587
1
20705
20705
1
12812
12812
1
15097
15097
1
1173
1173
1
32134
32134
1
18583
18583
1
24617
24617
1
8149
8149
1
15258
15258
1
20003
20003
1
17005
17005
1
2446
2446
1
4387
4387
1
18605
18605
1
18337
18337
1
26809
26809
1
16261
16261
1
4376
4376
1
19947
19947
1
10363
10363
1
13477
13477
1
4037
4037
1
17912
17912
1
14677
14677
1
5967
5967
1
10084
10084
1
17033
17033
1
29339
29339
1
29397
29397
1
16906
16906
1
8495
8495
1
10279
10279
1
17913
17913
1
13443
13443
1
12370
12370
1
18510
18510
1
30989
30989
1
27625
27625
1
30328
30328
1
5651
5651
1
32601
32601
1
6517
6517
1
32452
32452
1
21403
21403
1
10173
10173
1
20630
20630
1
20157
20157
1
28897
28897
1
24728
24728
1
19264
19264
1
26962
26962
1
4779
4779
1
29416
29416
1
18567
18567
1
794
794
1
1469
1469
1
30898
30898
1
14700
14700
1
19424
19424
1
29260
29260
1
4772
4772
1
12279
12279
1
29022
29022
1
25525
25525
1
8441
8441
1
17542
17542
1
16201
16201
1
30831
30831
1
925
925
1
25956
25956
1
142
142
1
20030
20030
1
9617
9617
1
17565
17565
1
1500
1500
1
32426
32426
1
22418
22418
1
22545
22545
1
30050
30050
1
16304
16304
1
15861
15861
1
8136
8136
1
18394
18394
1
31927
31927
1
21974
21974
1
9861
9861
1
5830
5830
1
31686
31686
1
21873
21873
1
28830
28830
1
8185
8185
1
25331
25331
1
27600
27600
1
19722
19722
1
8794
8794
1
12831
12831
1
9127
9127
1
15548
15548
1
30693
30693
1
1248
1248
1
28028
28028
1
25647
25647
1
4338
4338
1
12479
12479
1
5386
5386
1
15171
15171
1
13498
13498
1
5028
5028
1
9704
9704
1
28487
28487
1
11031
11031
1
9870
9870
1
870
870
1
11095
11095
1
13195
13195
1
10375
10375
1
14264
14264
1
15080
15080
1
28036
28036
1
30168
30168
1
15958
15958
1
15009
15009
1
5598
5598
1
24441
24441
1
19874
19874
1
19309
19309
1
15786
15786
1
5835
5835
1
25547
25547
1
31694
31694
1
24110
24110
1
393
393
1
6898
6898
1
23412
23412
1
28204
28204
1
2556
2556
1
2188
2188
1
27918
27918
1
23656
23656
1
16239
16239
1
11272
11272
1
27232
27232
1
4964
4964
1
23267
23267
1
12465
12465
1
3733
3733
1
27246
27246
1
31748
31748
1
1749
1749
1
23255
23255
1
10204
10204
1
12891
12891
1
6183
6183
1
2334
2334
1
30871
30871
1
9924
9924
1
7010
7010
1
8517
8517
1
214
214
1
31011
31011
1
19247
19247
1
25699
25699
1
27180
27180
1
9811
9811
1
1097
1097
1
600
600
1
4805
4805
1
2655
2655
1
3807
3807
1
19878
19878
1
16877
16877
1
21237
21237
1
5946
5946
1
24963
24963
1
1489
1489
1
30231
30231
1
6559
6559
1
28204
28204
1
7818
7818
1
276
276
1
17783
17783
1
8059
8059
1
6743
6743
1
21431
21431
1
7085
7085
1
20924
20924
1
1834
1834
1
7102
7102
1
19544
19544
1
2237
2237
1
23911
23911
1
9357
9357
1
6042
6042
1
23844
23844
1
2024
2024
1
20260
20260
1
13767
13767
1
21509
21509
1
11588
11588
1
17999
17999
1
2762
2762
1
21684
21684
1
7761
7761
1
17180
17180
1
10437
10437
1
12504
12504
1
3559
3559
1
30098
30098
1
26104
26104
1
29377
29377
1
30183
30183
1
26016
26016
1
2532
2532
1
26108
26108
1
19836
19836
1
24660
24660
1
21936
21936
1
3620
3620
1
29857
29857
1
17742
17742
1
27595
27595
1
32762
32762
1
30948
30948
1
18547
18547
1
23251
23251
1
20664
20664
1
5993
5993
1
31718
31718
1
20406
20406
1
4003
4003
1
8241
8241
1
13876
13876
1
13079
13079
1
32224
32224
1
7836
7836
1
10446
10446
1
13811
13811
1
30856
30856
1
27437
27437
1
15037
15037
1
4484
4484
1
18687
18687
1
2702
2702
1
31633
31633
1
32357
32357
1
20353
20353
1
32212
32212
1
17050
17050
1
9976
9976
1
15357
15357
1
26627
26627
1
20059
20059
1
6405
6405
1
18727
18727
1
11477
11477
1
30780
30780
1
31395
31395
1
11721
11721
1
27831
27831
1
20607
20607
1
1628
1628
1
14425
14425
1
533
533
1
13941
13941
1
4748
4748
1
18641
18641
1
25559
25559
1
16626
16626
1
10250
10250
1
7355
7355
1
4396
4396
1
2814
2814
1
27658
27658
1
8587
8587
1
27270
27270
1
14541
14541
1
24898
24898
1
16690
16690
1
7142
7142
1
18674
18674
1
17484
17484
1
23792
23792
1
31833
31833
1
1487
1487
1
1868
1868
1
27242
27242
1
1730
1730
1
11088
11088
1
12498
12498
1
26364
26364
1
20443
20443
1
5337
5337
1
8706
8706
1
5456
5456
1
7543
7543
1
1916
1916
1
2034
2034
1
14640
14640
1
778
778
1
27760
27760
1
31827
31827
1
17816
17816
1
10090
10090
1
4030
4030
1
6484
6484
1
12560
12560
1
6103
6103
1
14142
14142
1
1219
1219
1
25656
25656
1
19514
19514
1
9666
9666
1
13941
13941
1
30373
30373
1
16554
16554
1
24209
24209
1
32233
32233
1
11755
11755
1
18484
18484
1
15639
15639
1
2856
2856
1
29435
29435
1
31964
31964
1
13530
13530
1
32495
32495
1
12720
12720
1
28895
28895
1
19888
19888
1
17936
17936
1
22180
22180
1
1339
1339
1
12336
12336
1
17430
17430
1
24392
24392
1
2417
2417
1
22118
22118
1
4392
4392
1
12340
12340
1
2186
2186
1
13515
13515
1
20272
20272
1
9659
9659
1
26456
26456
1
28531
28531
1
23100
23100
1
4803
4803
1
14334
14334
1
28553
28553
1
22564
22564
1
8659
8659
1
26291
26291
1
27897
27897
1
27501
27501
1
19566
19566
1
9154
9154
1
16492
16492
1
3437
3437
1
23712
23712
1
11989
11989
1
4473
4473
1
21424
21424
1
11478
11478
1
26484
26484
1
13593
13593
1
9371
9371
1
6643
6643
1
18121
18121
1
20572
20572
1
8015
8015
1
23455
23455
1
9894
9894
1
4955
4955
1
15056
15056
1
14050
14050
1
31177
31177
1
8302
8302
1
24679
24679
1
16115
16115
1
22878
22878
1
29599
29599
1
1348
1348
1
6218
6218
1
3013
3013
1
24158
24158
1
1896
1896
1
29180
29180
1
26774
26774
1
27510
27510
1
20930
20930
1
10568
10568
1
15842
15842
1
16191
16191
1
2968
2968
1
19309
19309
1
6844
6844
1
18453
18453
1
22313
22313
1
27071
27071
1
8952
8952
1
21258
21258
1
25489
25489
1
29690
29690
1
20531
20531
1
22744
22744
1
21996
21996
1
3286
3286
1
17428
17428
1
5914
5914
1
19902
19902
1
3292
3292
1
4048
4048
1
18875
18875
1
2195
2195
1
10103
10103
1
5364
5364
1
6318
6318
1
26850
26850
1
26190
26190
1
25439
25439
1
3551
3551
1
25655
25655
1
28369
28369
1
14477
14477
1
10090
10090
1
7313
7313
1
17938
17938
1
1052
1052
1
23052
23052
1
10505
10505
1
1751
1751
1
5512
5512
1
6102
6102
1
20917
20917
1
15853
15853
1
22330
22330
1
12073
12073
1
17100
17100
1
24767
24767
1
15041
15041
1
5598
5598
1
31499
31499
1
4647
4647
1
14943
14943
1
29893
29893
1
31063
31063
1
10627
10627
1
5063
5063
1
1873
1873
1
28067
28067
1
12300
12300
1
8229
8229
1
9105
9105
1
28948
28948
1
18531
18531
1
27999
27999
1
32354
32354
1
2403
2403
1
13421
13421
1
31898
31898
1
32740
32740
1
31620
31620
1
28001
28001
1
18945
18945
1
15402
15402
1
12677
12677
1
543
543
