2
81
2
16376
2
24096
2
20348
2
11872
2
30076
2
16059
2
26999
2
28493
2
16223
2
3930
2
28673
2
26804
2
18775
2
14123
2
11940
2
29899
2
3669
2
26796
2
25588
2
5537
2
3767
2
20240
2
18792
2
11688
2
14015
2
10980
2
19816
2
8562
2
2372
2
8690
2
13223
2
18104
2
25255
2
18022
2
4019
2
17568
2
26633
2
6447
2
19915
2
18751
2
30395
2
2984
2
15856
2
14429
2
10230
2
17528
2
21822
2
14201
2
15565
2
11191
2
6525
2
15117
2
1631
2
594
2
27380
2
30996
2
7761
2
2224
2
8317
2
25800
2
892
2
30869
2
10719
2
6064
2
28386
2
22087
2
11351
2
19418
2
29927
2
23792
2
19832
2
19302
2
18110
2
2628
2
8246
2
31044
2
10273
2
3427
2
26685
2
22333
2
27973
2
7425
2
10119
2
11576
2
5389
2
30916
2
10797
2
13750
2
21374
2
6637
2
1149
2
29600
2
8307
2
22331
2
14158
2
5442
2
7825
2
12
2
28304
2
2199
2
28286
2
12998
2
3623
2
9415
2
16974
2
29301
2
250
2
3310
2
17726
2
16310
2
32326
2
12319
2
11173
2
14547
2
14649
2
2729
2
32551
2
1327
2
11964
2
3224
2
31532
2
4069
2
1424
2
18815
2
3472
2
21932
2
13468
2
21877
2
20381
2
18942
2
25477
2
29534
2
2870
2
6009
2
14720
2
30828
2
8276
2
16261
2
3684
2
2277
2
24247
2
23863
2
12804
2
4646
2
10197
2
3957
2
15803
2
9704
2
27927
2
20059
2
9288
2
6850
2
24132
2
12254
2
29660
2
5615
2
23613
2
24495
2
32370
2
25170
2
1004
2
20066
2
23647
2
14519
2
25975
2
23504
2
32042
2
23900
2
15289
2
186
2
15005
2
14000
2
14322
2
15279
2
8732
2
16730
2
13757
2
17711
2
26678
2
1405
2
27459
2
20240
2
14970
2
28986
2
27055
2
21281
2
25484
2
15479
2
482
2
13582
2
30072
2
14815
2
24935
2
15235
2
28229
2
14634
2
31657
2
9364
2
2766
2
24223
2
4963
2
22877
2
15309
2
5079
2
30809
2
1253
2
28985
2
30147
2
19782
2
4681
2
12242
2
25585
2
27157
2
22038
2
9466
2
5386
2
11859
2
26358
2
11462
2
21664
2
22501
2
27023
2
32341
2
20006
2
12790
2
21416
2
29280
2
2368
2
12340
2
27277
2
6163
2
31550
2
19004
2
181
2
3099
2
20962
2
11090
2
13987
2
17921
2
23402
2
2646
2
17162
2
20406
2
12234
2
15859
2
1588
2
7023
2
32570
2
24858
2
27812
2
27570
2
10736
2
7087
2
25851
2
433
2
1327
2
25474
2
27928
2
1496
2
29056
2
18816
2
31363
2
24226
2
9792
2
10027
2
16908
2
27056
2
22106
2
16455
2
8879
2
19228
2
4694
2
11478
2
14267
2
18187
2
2963
2
8007
2
22068
2
22913
2
7376
2
23275
2
31093
2
122
2
15345
2
28328
2
25369
2
27702
2
14592
2
2033
2
29212
2
2516
2
28275
2
29173
2
30014
2
7202
2
18093
2
5399
2
31912
2
22196
2
15047
2
2719
2
28370
2
12083
2
11919
2
6319
2
25764
2
22776
2
19921
2
10872
2
4316
2
7897
2
20182
2
6317
2
13999
2
3907
2
15915
2
22072
2
29619
2
11914
2
14243
2
21805
2
24828
2
9084
2
12447
2
14332
2
20357
2
4668
2
14221
2
8938
2
9170
2
6478
2
19631
2
16834
2
5332
2
9454
2
14366
2
21959
2
21005
2
3238
2
270
2
24558
2
21749
2
12063
2
27219
2
15178
2
24987
2
56
2
6181
2
15304
2
31375
2
15701
2
17184
2
9500
2
19456
2
15353
2
7310
2
3579
2
21026
2
1688
2
18409
2
907
2
16082
2
15270
2
3484
2
280
2
25213
2
25332
2
11018
2
4104
2
7230
2
11580
2
25553
2
9233
2
5446
2
20987
2
14416
2
1961
2
19329
2
32638
2
25959
2
27838
2
12151
2
4416
2
4477
2
30120
2
22896
2
115
2
19144
2
19036
2
6619
2
17117
2
15048
2
3554
2
26864
2
3045
2
13077
2
18441
2
31125
2
9198
2
30555
2
5977
2
29566
2
18915
2
26787
2
16201
2
6297
2
21267
2
30164
2
26290
2
22953
2
32064
2
30073
2
6788
2
7728
2
9970
2
19652
2
26808
2
17299
2
25105
2
2003
2
10117
2
6009
2
5299
2
18227
2
15575
2
20852
2
7219
2
9891
2
31229
2
20451
2
9859
2
282
2
24481
2
7191
2
13763
2
13835
2
24062
2
31156
2
530
2
21479
2
25933
2
1370
2
11684
2
19428
2
23168
2
9861
2
32532
2
4861
2
17459
2
22706
2
5628
2
21561
2
17376
2
4036
2
19908
2
6193
2
12114
2
15269
2
17079
2
1484
2
24156
2
12080
2
11612
2
8270
2
202
2
28239
2
2051
2
9873
2
4248
2
10080
2
12958
2
30609
2
13410
2
23518
2
2258
2
8239
2
9756
2
31805
2
7758
2
30254
2
29187
2
31509
2
5468
2
25730
2
8659
2
7043
2
17333
2
19658
2
10299
2
32461
2
6554
2
8731
2
8334
2
13636
2
32544
2
8447
2
14011
2
22127
2
7116
2
18621
2
19327
2
25701
2
15455
2
31195
2
10457
2
32379
2
19187
2
24034
2
23231
2
10015
2
3399
2
31841
2
15
2
8452
2
7512
2
8500
2
10184
2
10112
2
20529
2
30726
2
3706
2
1586
2
32515
2
277
2
20475
2
21479
2
26232
2
17205
2
24924
2
21694
2
4165
2
24344
2
26395
2
18315
2
31487
2
26572
2
15258
2
8826
2
29743
2
9349
2
14800
2
757
2
22696
2
8093
2
8255
2
21703
2
12056
2
9945
2
8230
2
29825
2
20702
2
8430
2
27895
2
20764
2
5403
2
23620
2
24587
2
20705
2
12812
2
15097
2
1173
2
32134
2
18583
2
24617
2
8149
2
15258
2
20003
2
17005
2
2446
2
4387
2
18605
2
18337
2
26809
2
16261
2
4376
2
19947
2
10363
2
13477
2
4037
2
17912
2
14677
2
5967
2
10084
2
17033
2
29339
2
29397
2
16906
2
8495
2
10279
2
17913
2
13443
2
12370
2
18510
2
30989
2
27625
2
30328
2
5651
2
32601
2
6517
2
32452
2
21403
2
10173
2
20630
2
20157
2
28897
2
24728
2
19264
2
26962
2
4779
2
29416
2
18567
2
794
2
1469
2
30898
2
14700
2
19424
2
29260
2
4772
2
12279
2
29022
2
25525
2
8441
2
17542
2
16201
2
30831
2
925
2
25956
2
142
2
20030
2
9617
2
17565
2
1500
2
32426
2
22418
2
22545
2
30050
2
16304
2
15861
2
8136
2
18394
2
31927
2
21974
2
9861
2
5830
2
31686
2
21873
2
28830
2
8185
2
25331
2
27600
2
19722
2
8794
2
12831
2
9127
2
15548
2
30693
2
1248
2
28028
2
25647
2
4338
2
12479
2
5386
2
15171
2
13498
2
5028
2
9704
2
28487
2
11031
2
9870
2
870
2
11095
2
13195
2
10375
2
14264
2
15080
2
28036
2
30168
2
15958
2
15009
2
5598
2
24441
2
19874
2
19309
2
15786
2
5835
2
25547
2
31694
2
24110
2
393
2
6898
2
23412
2
28204
2
2556
2
2188
2
27918
2
23656
2
16239
2
11272
2
27232
2
4964
2
23267
2
12465
2
3733
2
27246
2
31748
2
1749
2
23255
2
10204
2
12891
2
6183
2
2334
2
30871
2
9924
2
7010
2
8517
2
214
2
31011
2
19247
2
25699
2
27180
2
9811
2
1097
2
600
2
4805
2
2655
2
3807
2
19878
2
16877
2
21237
2
5946
2
24963
2
1489
2
30231
2
6559
2
28204
2
7818
2
276
2
17783
2
8059
2
6743
2
21431
2
7085
2
20924
2
1834
2
7102
2
19544
2
2237
2
23911
2
9357
2
6042
2
23844
2
2024
2
20260
2
13767
2
21509
2
11588
2
17999
2
2762
2
21684
2
7761
2
17180
2
10437
2
12504
2
3559
2
30098
2
26104
2
29377
2
30183
2
26016
2
2532
2
26108
2
19836
2
24660
2
21936
2
3620
2
29857
2
17742
2
27595
2
32762
2
30948
2
18547
2
23251
2
20664
2
5993
2
31718
2
20406
2
4003
2
8241
2
13876
2
13079
2
32224
2
7836
2
10446
2
13811
2
30856
2
27437
2
15037
2
4484
2
18687
2
2702
2
31633
2
32357
2
20353
2
32212
2
17050
2
9976
2
15357
2
26627
2
20059
2
6405
2
18727
2
11477
2
30780
2
31395
2
11721
2
27831
2
20607
2
1628
2
14425
2
533
2
13941
2
4748
2
18641
2
25559
2
16626
2
10250
2
7355
2
4396
2
2814
2
27658
2
8587
2
27270
2
14541
2
24898
2
16690
2
7142
2
18674
2
17484
2
23792
2
31833
2
1487
2
1868
2
27242
2
1730
2
11088
2
12498
2
26364
2
20443
2
5337
2
8706
2
5456
2
7543
2
1916
2
2034
2
14640
2
778
2
27760
2
31827
2
17816
2
10090
2
4030
2
6484
2
12560
2
6103
2
14142
2
1219
2
25656
2
19514
2
9666
2
13941
2
30373
2
16554
2
24209
2
32233
2
11755
2
18484
2
15639
2
2856
2
29435
2
31964
2
13530
2
32495
2
12720
2
28895
2
19888
2
17936
2
22180
2
1339
2
12336
2
17430
2
24392
2
2417
2
22118
2
4392
2
12340
2
2186
2
13515
2
20272
2
9659
2
26456
2
28531
2
23100
2
4803
2
14334
2
28553
2
22564
2
8659
2
26291
2
27897
2
27501
2
19566
2
9154
2
16492
2
3437
2
23712
2
11989
2
4473
2
21424
2
11478
2
26484
2
13593
2
9371
2
6643
2
18121
2
20572
2
8015
2
23455
2
9894
2
4955
2
15056
2
14050
2
31177
2
8302
2
24679
2
16115
2
22878
2
29599
2
1348
2
6218
2
3013
2
24158
2
1896
2
29180
2
26774
2
27510
2
20930
2
10568
2
15842
2
16191
2
2968
2
19309
2
6844
2
18453
2
22313
2
27071
2
8952
2
21258
2
25489
2
29690
2
20531
2
22744
2
21996
2
3286
2
17428
2
5914
2
19902
2
3292
2
4048
2
18875
2
2195
2
10103
2
5364
2
6318
2
26850
2
26190
2
25439
2
3551
2
25655
2
28369
2
14477
2
10090
2
7313
2
17938
2
1052
2
23052
2
10505
2
1751
2
5512
2
6102
2
20917
2
15853
2
22330
2
12073
2
17100
2
24767
2
15041
2
5598
2
31499
2
4647
2
14943
2
29893
2
31063
2
10627
2
5063
2
1873
2
28067
2
12300
2
8229
2
9105
2
28948
2
18531
2
27999
2
32354
2
2403
2
13421
2
31898
2
32740
2
31620
2
28001
2
18945
2
15402
2
12677
2
543
